0.000000000000000000e+00 6.687318232941663609e-03
1.000000000000000021e-02 -1.626171400127418565e-02
2.000000000000000042e-02 -1.108883252860017876e-01
2.999999999999999889e-02 -2.763436308205982073e-01
4.000000000000000083e-02 -5.111487509918219985e-01
5.000000000000000278e-02 -8.132168202118030820e-01
5.999999999999999778e-02 -1.179883867082804016e+00
7.000000000000000666e-02 -1.607947926827659302e+00
8.000000000000000167e-02 -2.093715582943040943e+00
8.999999999999999667e-02 -2.633054992224405311e+00
1.000000000000000056e-01 -3.221454329186155263e+00
1.100000000000000006e-01 -3.854084495176056890e+00
1.199999999999999956e-01 -4.525864876020889938e+00
1.300000000000000044e-01 -5.231530900795203110e+00
1.400000000000000133e-01 -5.965702153318535039e+00
1.499999999999999944e-01 -6.722949816408558377e+00
1.600000000000000033e-01 -7.497862285059074594e+00
1.700000000000000122e-01 -8.285107866127539467e+00
1.799999999999999933e-01 -9.079493585708286574e+00
1.900000000000000022e-01 -9.876019247510287258e+00
2.000000000000000111e-01 -1.066992602223542086e+01
2.099999999999999922e-01 -1.145673899490704883e+01
2.200000000000000011e-01 -1.223230324997167529e+01
2.300000000000000100e-01 -1.299281322848241693e+01
2.399999999999999911e-01 -1.373483524364561958e+01
2.500000000000000000e-01 -1.445532318665203420e+01
2.600000000000000089e-01 -1.515162759060867081e+01
2.700000000000000178e-01 -1.582149834361928420e+01
2.800000000000000266e-01 -1.646308145026405612e+01
2.899999999999999800e-01 -1.707491033213120701e+01
2.999999999999999889e-01 -1.765589223149047626e+01
3.099999999999999978e-01 -1.820529033710719702e+01
3.200000000000000067e-01 -1.872270228758849697e+01
3.300000000000000155e-01 -1.920803572606950738e+01
3.400000000000000244e-01 -1.966148158150079439e+01
3.500000000000000333e-01 -2.008348573769759327e+01
3.599999999999999867e-01 -2.047471972339134538e+01
3.699999999999999956e-01 -2.083605101675408378e+01
3.800000000000000044e-01 -2.116851350837410450e+01
3.900000000000000133e-01 -2.147327860964731627e+01
4.000000000000000222e-01 -2.175162743121241249e+01
4.100000000000000311e-01 -2.200492439052890603e+01
4.199999999999999845e-01 -2.223459254097598503e+01
4.299999999999999933e-01 -2.244209084875925697e+01
4.400000000000000022e-01 -2.262889358006002993e+01
4.500000000000000111e-01 -2.279647190061329809e+01
4.600000000000000200e-01 -2.294627773436581109e+01
4.700000000000000289e-01 -2.307972987789274200e+01
4.799999999999999822e-01 -2.319820232343144184e+01
4.899999999999999911e-01 -2.330301470607140502e+01
5.000000000000000000e-01 -2.339542475994265303e+01
5.100000000000000089e-01 -2.347662264409275679e+01
5.200000000000000178e-01 -2.354772698088538618e+01
5.300000000000000266e-01 -2.360978243779787533e+01
5.400000000000000355e-01 -2.366375867693892587e+01
5.500000000000000444e-01 -2.371055049486536959e+01
5.600000000000000533e-01 -2.375097897771330580e+01
5.700000000000000622e-01 -2.378579350261298231e+01
5.799999999999999600e-01 -2.381567442516568889e+01
5.899999999999999689e-01 -2.384123630378178760e+01
5.999999999999999778e-01 -2.386303152430350494e+01
6.099999999999999867e-01 -2.388155420200544299e+01
6.199999999999999956e-01 -2.389724425227838722e+01
6.300000000000000044e-01 -2.391049153562118335e+01
6.400000000000000133e-01 -2.392163999662095009e+01
6.500000000000000222e-01 -2.393099173009126091e+01
6.600000000000000311e-01 -2.393881092022386170e+01
6.700000000000000400e-01 -2.394532761031663526e+01
6.800000000000000488e-01 -2.395074127124968300e+01
6.900000000000000577e-01 -2.395522414632422681e+01
7.000000000000000666e-01 -2.395892435833022915e+01
7.099999999999999645e-01 -2.396196877178054407e+01
7.199999999999999734e-01 -2.396446560918286650e+01
7.299999999999999822e-01 -2.396650682508143504e+01
7.399999999999999911e-01 -2.396817024546921004e+01
7.500000000000000000e-01 -2.396952148314199960e+01
7.600000000000000089e-01 -2.397061564173795389e+01
7.700000000000000178e-01 -2.397149882268113075e+01
7.800000000000000266e-01 -2.397220945012726290e+01
7.900000000000000355e-01 -2.397277942939037132e+01
8.000000000000000444e-01 -2.397323515430131735e+01
8.100000000000000533e-01 -2.397359837859747245e+01
8.200000000000000622e-01 -2.397388696584122414e+01
8.300000000000000711e-01 -2.397411553158061537e+01
8.399999999999999689e-01 -2.397429599055491778e+01
8.499999999999999778e-01 -2.397443802076024255e+01
8.599999999999999867e-01 -2.397454945516537705e+01
8.699999999999999956e-01 -2.397463661083836328e+01
8.800000000000000044e-01 -2.397470456423573282e+01
8.900000000000000133e-01 -2.397475738043769411e+01
9.000000000000000222e-01 -2.397479830319830896e+01
9.100000000000000311e-01 -2.397482991182888767e+01
9.200000000000000400e-01 -2.397485425015126737e+01
9.300000000000000488e-01 -2.397487293204763859e+01
9.400000000000000577e-01 -2.397488722749533352e+01
9.500000000000000666e-01 -2.397489813240650847e+01
9.599999999999999645e-01 -2.397490642509067271e+01
9.699999999999999734e-01 -2.397491271171860916e+01
9.799999999999999822e-01 -2.397491746278411995e+01
9.899999999999999911e-01 -2.397492104223052678e+01
1.000000000000000000e+00 -2.397492373062642201e+01
1.010000000000000009e+00 -2.397492574353474026e+01
1.020000000000000018e+00 -2.397492724601596592e+01
1.030000000000000027e+00 -2.397492836403512584e+01
1.040000000000000036e+00 -2.397492919339953588e+01
1.050000000000000044e+00 -2.397492980673531804e+01
1.060000000000000053e+00 -2.397493025891260388e+01
1.070000000000000062e+00 -2.397493059124866477e+01
1.080000000000000071e+00 -2.397493083475216835e+01
1.090000000000000080e+00 -2.397493101261806814e+01
1.100000000000000089e+00 -2.397493114213919085e+01
1.110000000000000098e+00 -2.397493123616554556e+01
1.120000000000000107e+00 -2.397493130421432994e+01
1.130000000000000115e+00 -2.397493135331116676e+01
1.140000000000000124e+00 -2.397493138862539297e+01
1.150000000000000133e+00 -2.397493141394806315e+01
1.159999999999999920e+00 -2.397493143205035082e+01
1.169999999999999929e+00 -2.397493144495131645e+01
1.179999999999999938e+00 -2.397493145411724313e+01
1.189999999999999947e+00 -2.397493146060951119e+01
1.199999999999999956e+00 -2.397493146519391516e+01
1.209999999999999964e+00 -2.397493146842119316e+01
1.219999999999999973e+00 -2.397493147068613339e+01
1.229999999999999982e+00 -2.397493147227082844e+01
1.239999999999999991e+00 -2.397493147337618780e+01
1.250000000000000000e+00 -2.397493147414483872e+01
1.260000000000000009e+00 -2.397493147467771024e+01
1.270000000000000018e+00 -2.397493147504600230e+01
1.280000000000000027e+00 -2.397493147529976198e+01
1.290000000000000036e+00 -2.397493147547407588e+01
1.300000000000000044e+00 -2.397493147559344706e+01
1.310000000000000053e+00 -2.397493147567494987e+01
1.320000000000000062e+00 -2.397493147573042194e+01
1.330000000000000071e+00 -2.397493147576806294e+01
1.340000000000000080e+00 -2.397493147579352879e+01
1.350000000000000089e+00 -2.397493147581070261e+01
1.360000000000000098e+00 -2.397493147582224893e+01
1.370000000000000107e+00 -2.397493147582999029e+01
1.380000000000000115e+00 -2.397493147583516304e+01
1.390000000000000124e+00 -2.397493147583860917e+01
1.400000000000000133e+00 -2.397493147584089712e+01
1.409999999999999920e+00 -2.397493147584241413e+01
1.419999999999999929e+00 -2.397493147584341600e+01
1.429999999999999938e+00 -2.397493147584407325e+01
1.439999999999999947e+00 -2.397493147584450668e+01
1.449999999999999956e+00 -2.397493147584478734e+01
1.459999999999999964e+00 -2.397493147584497208e+01
1.469999999999999973e+00 -2.397493147584509288e+01
1.479999999999999982e+00 -2.397493147584517104e+01
1.489999999999999991e+00 -2.397493147584522077e+01
1.500000000000000000e+00 -2.397493147584525275e+01
1.510000000000000009e+00 -2.397493147584527406e+01
1.520000000000000018e+00 -2.397493147584528472e+01
1.530000000000000027e+00 -2.397493147584529538e+01
1.540000000000000036e+00 -2.397493147584529893e+01
1.550000000000000044e+00 -2.397493147584530249e+01
1.560000000000000053e+00 -2.397493147584530604e+01
1.570000000000000062e+00 -2.397493147584530604e+01
1.580000000000000071e+00 -2.397493147584530959e+01
1.590000000000000080e+00 -2.397493147584530959e+01
1.600000000000000089e+00 -2.397493147584530959e+01
1.610000000000000098e+00 -2.397493147584530959e+01
1.620000000000000107e+00 -2.397493147584530959e+01
1.630000000000000115e+00 -2.397493147584530959e+01
1.640000000000000124e+00 -2.397493147584530959e+01
1.650000000000000133e+00 -2.397493147584530959e+01
1.660000000000000142e+00 -2.397493147584530959e+01
1.669999999999999929e+00 -2.397493147584530959e+01
1.679999999999999938e+00 -2.397493147584530959e+01
1.689999999999999947e+00 -2.397493147584530959e+01
1.699999999999999956e+00 -2.397493147584530959e+01
1.709999999999999964e+00 -2.397493147584530959e+01
1.719999999999999973e+00 -2.397493147584530959e+01
1.729999999999999982e+00 -2.397493147584530959e+01
1.739999999999999991e+00 -2.397493147584530959e+01
1.750000000000000000e+00 -2.397493147584530959e+01
1.760000000000000009e+00 -2.397493147584530959e+01
1.770000000000000018e+00 -2.397493147584530959e+01
1.780000000000000027e+00 -2.397493147584530959e+01
1.790000000000000036e+00 -2.397493147584530959e+01
1.800000000000000044e+00 -2.397493147584530959e+01
1.810000000000000053e+00 -2.397493147584530959e+01
1.820000000000000062e+00 -2.397493147584530959e+01
1.830000000000000071e+00 -2.397493147584530959e+01
1.840000000000000080e+00 -2.397493147584530959e+01
1.850000000000000089e+00 -2.397493147584530959e+01
1.860000000000000098e+00 -2.397493147584530959e+01
1.870000000000000107e+00 -2.397493147584530959e+01
1.880000000000000115e+00 -2.397493147584530959e+01
1.890000000000000124e+00 -2.397493147584530959e+01
1.900000000000000133e+00 -2.397493147584530959e+01
1.910000000000000142e+00 -2.397493147584530959e+01
1.919999999999999929e+00 -2.397493147584530959e+01
1.929999999999999938e+00 -2.397493147584530959e+01
1.939999999999999947e+00 -2.397493147584530959e+01
1.949999999999999956e+00 -2.397493147584530959e+01
1.959999999999999964e+00 -2.397493147584530959e+01
1.969999999999999973e+00 -2.397493147584530959e+01
1.979999999999999982e+00 -2.397493147584530959e+01
1.989999999999999991e+00 -2.397493147584530959e+01
2.000000000000000000e+00 -2.397493147584530959e+01
2.010000000000000231e+00 -2.397493147584530959e+01
2.020000000000000018e+00 -2.397493147584530959e+01
2.030000000000000249e+00 -2.397493147584530959e+01
2.040000000000000036e+00 -2.397493147584530959e+01
2.049999999999999822e+00 -2.397493147584530959e+01
2.060000000000000053e+00 -2.397493147584530959e+01
2.069999999999999840e+00 -2.397493147584530959e+01
2.080000000000000071e+00 -2.397493147584530959e+01
2.089999999999999858e+00 -2.397493147584530959e+01
2.100000000000000089e+00 -2.397493147584530959e+01
2.109999999999999876e+00 -2.397493147584530959e+01
2.120000000000000107e+00 -2.397493147584530959e+01
2.129999999999999893e+00 -2.397493147584530959e+01
2.140000000000000124e+00 -2.397493147584530959e+01
2.149999999999999911e+00 -2.397493147584530959e+01
2.160000000000000142e+00 -2.397493147584530959e+01
2.169999999999999929e+00 -2.397493147584530959e+01
2.180000000000000160e+00 -2.397493147584530959e+01
2.189999999999999947e+00 -2.397493147584530959e+01
2.200000000000000178e+00 -2.397493147584530959e+01
2.209999999999999964e+00 -2.397493147584530959e+01
2.220000000000000195e+00 -2.397493147584530959e+01
2.229999999999999982e+00 -2.397493147584530959e+01
2.240000000000000213e+00 -2.397493147584530959e+01
2.250000000000000000e+00 -2.397493147584530959e+01
2.260000000000000231e+00 -2.397493147584530959e+01
2.270000000000000018e+00 -2.397493147584530959e+01
2.280000000000000249e+00 -2.397493147584530959e+01
2.290000000000000036e+00 -2.397493147584530959e+01
2.300000000000000266e+00 -2.397493147584530959e+01
2.310000000000000053e+00 -2.397493147584530959e+01
2.319999999999999840e+00 -2.397493147584530959e+01
2.330000000000000071e+00 -2.397493147584530959e+01
2.339999999999999858e+00 -2.397493147584530959e+01
2.350000000000000089e+00 -2.397493147584530959e+01
2.359999999999999876e+00 -2.397493147584530959e+01
2.370000000000000107e+00 -2.397493147584530959e+01
2.379999999999999893e+00 -2.397493147584530959e+01
2.390000000000000124e+00 -2.397493147584530959e+01
2.399999999999999911e+00 -2.397493147584530959e+01
2.410000000000000142e+00 -2.397493147584530959e+01
2.419999999999999929e+00 -2.397493147584530959e+01
2.430000000000000160e+00 -2.397493147584530959e+01
2.439999999999999947e+00 -2.397493147584530959e+01
2.450000000000000178e+00 -2.397493147584530959e+01
2.459999999999999964e+00 -2.397493147584530959e+01
2.470000000000000195e+00 -2.397493147584530959e+01
2.479999999999999982e+00 -2.397493147584530959e+01
2.490000000000000213e+00 -2.397493147584530959e+01
2.500000000000000000e+00 -2.397493147584530959e+01
2.510000000000000231e+00 -2.397493147584530959e+01
2.520000000000000018e+00 -2.397493147584530959e+01
2.530000000000000249e+00 -2.397493147584530959e+01
2.540000000000000036e+00 -2.397493147584530959e+01
2.550000000000000266e+00 -2.397493147584530959e+01
2.560000000000000053e+00 -2.397493147584530959e+01
2.569999999999999840e+00 -2.397493147584530959e+01
2.580000000000000071e+00 -2.397493147584530959e+01
2.589999999999999858e+00 -2.397493147584530959e+01
2.600000000000000089e+00 -2.397493147584530959e+01
2.609999999999999876e+00 -2.397493147584530959e+01
2.620000000000000107e+00 -2.397493147584530959e+01
2.629999999999999893e+00 -2.397493147584530959e+01
2.640000000000000124e+00 -2.397493147584530959e+01
2.649999999999999911e+00 -2.397493147584530959e+01
2.660000000000000142e+00 -2.397493147584530959e+01
2.669999999999999929e+00 -2.397493147584530959e+01
2.680000000000000160e+00 -2.397493147584530959e+01
2.689999999999999947e+00 -2.397493147584530959e+01
2.700000000000000178e+00 -2.397493147584530959e+01
2.709999999999999964e+00 -2.397493147584530959e+01
2.720000000000000195e+00 -2.397493147584530959e+01
2.729999999999999982e+00 -2.397493147584530959e+01
2.740000000000000213e+00 -2.397493147584530959e+01
2.750000000000000000e+00 -2.397493147584530959e+01
2.760000000000000231e+00 -2.397493147584530959e+01
2.770000000000000018e+00 -2.397493147584530959e+01
2.780000000000000249e+00 -2.397493147584530959e+01
2.790000000000000036e+00 -2.397493147584530959e+01
2.800000000000000266e+00 -2.397493147584530959e+01
2.810000000000000053e+00 -2.397493147584530959e+01
2.819999999999999840e+00 -2.397493147584530959e+01
2.830000000000000071e+00 -2.397493147584530959e+01
2.839999999999999858e+00 -2.397493147584530959e+01
2.850000000000000089e+00 -2.397493147584530959e+01
2.859999999999999876e+00 -2.397493147584530959e+01
2.870000000000000107e+00 -2.397493147584530959e+01
2.879999999999999893e+00 -2.397493147584530959e+01
2.890000000000000124e+00 -2.397493147584530959e+01
2.899999999999999911e+00 -2.397493147584530959e+01
2.910000000000000142e+00 -2.397493147584530959e+01
2.919999999999999929e+00 -2.397493147584530959e+01
2.930000000000000160e+00 -2.397493147584530959e+01
2.939999999999999947e+00 -2.397493147584530959e+01
2.950000000000000178e+00 -2.397493147584530959e+01
2.959999999999999964e+00 -2.397493147584530959e+01
2.970000000000000195e+00 -2.397493147584530959e+01
2.979999999999999982e+00 -2.397493147584530959e+01
2.990000000000000213e+00 -2.397493147584530959e+01
